BrBG <- c("#543005","#563105","#583305","#5b3406","#5d3506","#5f3606","#613806","#633906","#663a07","#683c07","#6a3d07","#6c3e08","#6e4008","#704108","#734309","#754409","#774509","#79470a","#7b480a","#7d4a0b","#804b0b","#824d0c","#844e0d","#86500d","#88510e","#8a530f","#8c540f","#8e5610","#905811","#925912","#955b13","#975d14","#995e15","#9b6016","#9d6217","#9f6419","#a1651a","#a3671b","#a5691d","#a66b1e","#a86d20","#aa6f21","#ac7123","#ae7325","#b07526","#b27728","#b3792a","#b57b2c","#b77d2e","#b97f30","#ba8232","#bc8435","#bd8637","#bf8839","#c18b3c","#c28d3e","#c48f41","#c59243","#c79446","#c89648","#c9994b","#cb9b4e","#cc9d51","#cda054","#cfa256","#d0a459","#d1a75c","#d3a95f","#d4ab62","#d5ad65","#d6b068","#d7b26b","#d8b46e","#dab671","#dbb874","#dcba77","#ddbc7a","#debf7d","#dfc080","#e0c283","#e1c486","#e2c688","#e3c88b","#e4ca8e","#e5cb91","#e6cd94","#e7cf96","#e8d099","#e9d29c","#ead49f","#ead5a1","#ebd6a4","#ecd8a7","#edd9a9","#eddbac","#eedcae","#efddb1","#efdeb4","#f0e0b6","#f1e1b8","#f1e2bb","#f2e3bd","#f2e4c0","#f2e5c2","#f3e6c4","#f3e7c7","#f3e8c9","#f4e8cb","#f4e9cd","#f4eacf","#f4ebd1","#f4ebd3","#f4ecd5","#f4edd7","#f4edd9","#f4eedb","#f4eedc","#f4efde","#f3efdf","#f3efe1","#f3f0e2","#f2f0e4","#f2f0e5","#f1f0e6","#f0f1e7","#f0f1e8","#eff1e9","#eef1ea","#edf1ea","#ecf1eb","#ebf1eb","#eaf1ec","#e9f1ec","#e7f1ec","#e6f0ec","#e5f0ec","#e3f0ec","#e2f0ec","#e0efec","#dfefec","#ddefeb","#dbeeeb","#d9eeea","#d8edea","#d6ede9","#d4ece9","#d2ece8","#d0ebe7","#ceebe6","#cceae5","#cae9e5","#c7e9e4","#c5e8e3","#c3e7e2","#c1e6e1","#bee5e0","#bce5de","#b9e4dd","#b7e3dc","#b4e2db","#b2e1da","#afe0d9","#addfd7","#aaded6","#a8ddd5","#a5dbd3","#a2dad2","#a0d9d1","#9dd8cf","#9ad7ce","#97d5cc","#95d4cb","#92d3c9","#8fd1c8","#8cd0c6","#89cec4","#86cdc3","#84cbc1","#81cac0","#7ec8be","#7bc6bc","#78c5ba","#75c3b9","#72c1b7","#70bfb5","#6dbeb3","#6abcb1","#67bab0","#64b8ae","#61b6ac","#5eb4aa","#5cb2a8","#59b0a6","#56aea4","#53aca3","#50aaa1","#4ea89f","#4ba69d","#48a49b","#46a299","#43a097","#409e95","#3e9c93","#3b9a91","#39988f","#36968d","#34948b","#329289","#2f9087","#2d8e85","#2b8c84","#288a82","#268880","#24867e","#22847c","#20827a","#1e8078","#1c7e76","#1a7c74","#187a72","#177970","#15776e","#13756d","#12736b","#107169","#0f6f67","#0e6d65","#0c6c63","#0b6a61","#0a685f","#09665e","#08655c","#07635a","#066158","#065f56","#055e54","#045c52","#045a51","#03584f","#03574d","#02554b","#025349","#025248","#015046","#014e44","#014d42","#014b40","#01493e","#00483d","#00463b","#004439","#004337","#004135","#003f34","#003e32","#003c30")
Dark2 <- c("#1b9e77","#d95f02","#7570b3","#e7298a","#66a61e","#e6ab02","#a6761d","#666666")
Vir <- c("#440154","#440256","#450457","#450559","#46075a","#46085c","#460a5d","#460b5e","#470d60","#470e61","#471063","#471164","#471365","#481467","#481668","#481769","#48186a","#481a6c","#481b6d","#481c6e","#481d6f","#481f70","#482071","#482173","#482374","#482475","#482576","#482677","#482878","#482979","#472a7a","#472c7a","#472d7b","#472e7c","#472f7d","#46307e","#46327e","#46337f","#463480","#453581","#453781","#453882","#443983","#443a83","#443b84","#433d84","#433e85","#423f85","#424086","#424186","#414287","#414487","#404588","#404688","#3f4788","#3f4889","#3e4989","#3e4a89","#3e4c8a","#3d4d8a","#3d4e8a","#3c4f8a","#3c508b","#3b518b","#3b528b","#3a538b","#3a548c","#39558c","#39568c","#38588c","#38598c","#375a8c","#375b8d","#365c8d","#365d8d","#355e8d","#355f8d","#34608d","#34618d","#33628d","#33638d","#32648e","#32658e","#31668e","#31678e","#31688e","#30698e","#306a8e","#2f6b8e","#2f6c8e","#2e6d8e","#2e6e8e","#2e6f8e","#2d708e","#2d718e","#2c718e","#2c728e","#2c738e","#2b748e","#2b758e","#2a768e","#2a778e","#2a788e","#29798e","#297a8e","#297b8e","#287c8e","#287d8e","#277e8e","#277f8e","#27808e","#26818e","#26828e","#26828e","#25838e","#25848e","#25858e","#24868e","#24878e","#23888e","#23898e","#238a8d","#228b8d","#228c8d","#228d8d","#218e8d","#218f8d","#21908d","#21918c","#20928c","#20928c","#20938c","#1f948c","#1f958b","#1f968b","#1f978b","#1f988b","#1f998a","#1f9a8a","#1e9b8a","#1e9c89","#1e9d89","#1f9e89","#1f9f88","#1fa088","#1fa188","#1fa187","#1fa287","#20a386","#20a486","#21a585","#21a685","#22a785","#22a884","#23a983","#24aa83","#25ab82","#25ac82","#26ad81","#27ad81","#28ae80","#29af7f","#2ab07f","#2cb17e","#2db27d","#2eb37c","#2fb47c","#31b57b","#32b67a","#34b679","#35b779","#37b878","#38b977","#3aba76","#3bbb75","#3dbc74","#3fbc73","#40bd72","#42be71","#44bf70","#46c06f","#48c16e","#4ac16d","#4cc26c","#4ec36b","#50c46a","#52c569","#54c568","#56c667","#58c765","#5ac864","#5cc863","#5ec962","#60ca60","#63cb5f","#65cb5e","#67cc5c","#69cd5b","#6ccd5a","#6ece58","#70cf57","#73d056","#75d054","#77d153","#7ad151","#7cd250","#7fd34e","#81d34d","#84d44b","#86d549","#89d548","#8bd646","#8ed645","#90d743","#93d741","#95d840","#98d83e","#9bd93c","#9dd93b","#a0da39","#a2da37","#a5db36","#a8db34","#aadc32","#addc30","#b0dd2f","#b2dd2d","#b5de2b","#b8de29","#bade28","#bddf26","#c0df25","#c2df23","#c5e021","#c8e020","#cae11f","#cde11d","#d0e11c","#d2e21b","#d5e21a","#d8e219","#dae319","#dde318","#dfe318","#e2e418","#e5e419","#e7e419","#eae51a","#ece51b","#efe51c","#f1e51d","#f4e61e","#f6e620","#f8e621","#fbe723","#fde725")
Cool <- c("#6e40aa","#6d41ab","#6d41ad","#6d42ae","#6c43af","#6c43b0","#6b44b2","#6b45b3","#6a46b4","#6a46b5","#6a47b7","#6948b8","#6849b9","#684aba","#674abb","#674bbd","#664cbe","#664dbf","#654ec0","#654fc1","#6450c2","#6350c3","#6351c4","#6252c5","#6153c6","#6154c7","#6055c8","#5f56c9","#5f57ca","#5e58cb","#5d59cc","#5c5acd","#5c5bce","#5b5ccf","#5a5dd0","#595ed1","#595fd1","#5860d2","#5761d3","#5662d4","#5663d5","#5564d5","#5465d6","#5366d7","#5267d7","#5168d8","#5169d9","#506ad9","#4f6bda","#4e6cda","#4d6ddb","#4c6edb","#4b70dc","#4b71dc","#4a72dd","#4973dd","#4874de","#4775de","#4676df","#4577df","#4479df","#447adf","#437be0","#427ce0","#417de0","#407ee0","#3f80e1","#3e81e1","#3d82e1","#3d83e1","#3c84e1","#3b86e1","#3a87e1","#3988e1","#3889e1","#378ae1","#378ce1","#368de1","#358ee1","#348fe1","#3390e1","#3292e1","#3293e1","#3194e0","#3095e0","#2f96e0","#2e98e0","#2e99df","#2d9adf","#2c9bdf","#2b9cde","#2b9ede","#2a9fdd","#29a0dd","#29a1dd","#28a2dc","#27a4dc","#26a5db","#26a6db","#25a7da","#25a8d9","#24aad9","#23abd8","#23acd8","#22add7","#22aed6","#21afd5","#21b1d5","#20b2d4","#20b3d3","#1fb4d2","#1fb5d2","#1eb6d1","#1eb8d0","#1db9cf","#1dbace","#1dbbcd","#1cbccc","#1cbdcc","#1cbecb","#1bbfca","#1bc0c9","#1bc2c8","#1ac3c7","#1ac4c6","#1ac5c5","#1ac6c4","#1ac7c2","#1ac8c1","#19c9c0","#19cabf","#19cbbe","#19ccbd","#19cdbc","#19cebb","#19cfb9","#19d0b8","#19d1b7","#19d2b6","#19d3b5","#1ad4b4","#1ad5b2","#1ad5b1","#1ad6b0","#1ad7af","#1bd8ad","#1bd9ac","#1bdaab","#1bdbaa","#1cdba8","#1cdca7","#1cdda6","#1ddea4","#1ddfa3","#1edfa2","#1ee0a0","#1fe19f","#1fe29e","#20e29d","#20e39b","#21e49a","#22e599","#22e597","#23e696","#24e795","#24e793","#25e892","#26e891","#27e98f","#27ea8e","#28ea8d","#29eb8c","#2aeb8a","#2bec89","#2cec88","#2ded87","#2eed85","#2fee84","#30ee83","#31ef82","#32ef80","#33f07f","#34f07e","#35f07d","#37f17c","#38f17a","#39f279","#3af278","#3bf277","#3df376","#3ef375","#3ff374","#41f373","#42f471","#43f470","#45f46f","#46f46e","#48f56d","#49f56c","#4bf56b","#4cf56a","#4ef56a","#4ff669","#51f668","#52f667","#54f666","#55f665","#57f664","#59f664","#5af663","#5cf662","#5ef661","#5ff761","#61f760","#63f75f","#64f75f","#66f75e","#68f75d","#6af75d","#6bf65c","#6df65c","#6ff65b","#71f65b","#73f65a","#74f65a","#76f659","#78f659","#7af659","#7cf658","#7ef658","#80f558","#81f558","#83f557","#85f557","#87f557","#89f557","#8bf457","#8df457","#8ff457","#91f457","#93f457","#94f357","#96f357","#98f357","#9af357","#9cf257","#9ef258","#a0f258","#a2f258","#a4f158","#a6f159","#a8f159","#aaf159","#abf05a","#adf05a","#aff05b")
Tab10 <- c("#4e79a7","#f28e2c","#e15759","#76b7b2","#59a14f","#edc949","#af7aa1","#ff9da7","#9c755f","#bab0ab")
